A
int seqX[32]= {3, 3, 3, 3, 1, 1, 1, 1, 1, 1, 1, 1, 3, 3, 3, 3, 1, 1, 1, 1, 1, 1, 1, 1, 3, 3, 3, 3, 3, 3, 3, 3};
                
int seqY[32]= {1, 1, 1, 1, 1, 1, 1, 1, 3, 3, 3, 3, 3, 3, 3, 3, 3, 3, 3, 3, 5, 5, 5, 5, 5, 5, 5, 5, 3, 3, 3, 3};

int seqL[32]= {1, 1, 1, 0, 0, 0, 0, 0, 1, 1, 0, 0, 1, 1, 0, 0, 1, 1, 0, 0, 1, 1, 0, 0, 1, 1, 0, 0, 1, 1, 0, 0};

B
int seqX[24]= {3, 3, 3, 3, 5, 5, 5, 5, 5, 5, 5, 5, 5, 5, 5, 5, 3, 3, 3, 3, 5, 5, 5, 5};
                
int seqY[24]= {1, 1, 1, 1, 1, 1, 1, 1, 3, 3, 3, 3, 5, 5, 5, 5, 3, 3, 3, 3, 3, 3, 3, 3};

int seqL[24]= {1, 1, 0, 0, 1, 1, 0, 0, 1, 1, 0, 0, 1, 1, 0, 0, 1, 1, 0, 0, 1, 1, 0, 0};

C
int seqX[24]= {3, 3, 3, 3, 5, 5, 5, 5, 5, 5, 5, 5, 5, 5, 5, 5, 3, 3, 3, 3, 3, 3, 3, 3};
                
int seqY[24]= {1, 1, 1, 1, 1, 1, 1, 1, 3, 3, 3, 3, 5, 5, 5, 5, 5, 5, 5, 5, 3, 3, 3, 3};

int seqL[24]= {0, 0, 0, 0, 1, 1, 0, 0, 1, 1, 0, 0, 1, 1, 0, 0, 1, 1, 0, 0, 0, 0, 0, 0};

D
int seqX[24]= {3, 3, 3, 3, 5, 5, 5, 5, 5, 5, 5, 5, 5, 5, 5, 5, 3, 3, 3, 3, 1, 1, 1, 1};
                
int seqY[24]= {1, 1, 1, 1, 1, 1, 1, 1, 3, 3, 3, 3, 5, 5, 5, 5, 5, 5, 5, 5, 3, 3, 3, 3};

int seqL[24]= {1, 1, 0, 0, 1, 1, 0, 0, 1, 1, 0, 0, 1, 1, 0, 0, 1, 1, 0, 0, 1, 1, 0, 0};

E
int seqX[28]= {3, 3, 3, 3, 5, 5, 5, 5, 5, 5, 5, 5, 5, 5, 5, 5, 3, 3, 3, 3, 3, 3, 3, 3, 5, 5, 5, 5};
                
int seqY[28]= {1, 1, 1, 1, 1, 1, 1, 1, 3, 3, 3, 3, 5, 5, 5, 5, 5, 5, 5, 5, 3, 3, 3, 3, 3, 3, 3, 3};

int seqL[28]= {0, 0, 0, 0, 1, 1, 0, 0, 1, 1, 0, 0, 1, 1, 0, 0, 1, 1, 0, 0, 0, 0, 0, 0, 1, 1, 0, 0};

F
int seqX[28]= {3, 3, 3, 3, 5, 5, 5, 5, 5, 5, 5, 5, 5, 5, 5, 5, 3, 3, 3, 3, 3, 3, 3, 3, 5, 5, 5, 5};
                
int seqY[28]= {1, 1, 1, 1, 1, 1, 1, 1, 3, 3, 3, 3, 5, 5, 5, 5, 5, 5, 5, 5, 3, 3, 3, 3, 3, 3, 3, 3};

int seqL[28]= {0, 0, 0, 0, 0, 0, 0, 0, 1, 1, 0, 0, 1, 1, 0, 0, 1, 1, 0, 0, 0, 0, 0, 0, 1, 1, 0, 0};

G
int seqX[24]= {3, 3, 3, 3, 5, 5, 5, 5, 5, 5, 5, 5, 5, 5, 5, 5, 3, 3, 3, 3, 3, 3, 3, 3};
                
int seqY[24]= {1, 1, 1, 1, 1, 1, 1, 1, 3, 3, 3, 3, 5, 5, 5, 5, 5, 5, 5, 5, 3, 3, 3, 3};

int seqL[24]= {0, 1, 1, 0, 1, 1, 0, 0, 1, 1, 0, 0, 1, 1, 0, 0, 1, 1, 0, 0, 0, 0, 0, 0};

H
int seqX[32]= {3, 3, 3, 3, 1, 1, 1, 1, 1, 1, 1, 1, 3, 3, 3, 3, 1, 1, 1, 1, 1, 1, 1, 1, 3, 3, 3, 3, 3, 3, 3, 3};
                
int seqY[32]= {1, 1, 1, 1, 1, 1, 1, 1, 3, 3, 3, 3, 3, 3, 3, 3, 3, 3, 3, 3, 5, 5, 5, 5, 5, 5, 5, 5, 3, 3, 3, 3};

int seqL[32]= {1, 1, 1, 0, 0, 0, 0, 0, 1, 1, 0, 0, 0, 0, 0, 0, 1, 1, 0, 0, 1, 1, 0, 0, 0, 0, 0, 0, 1, 1, 0, 0};

I
int seqX[24]= {3, 3, 3, 3, 5, 5, 5, 5, 5, 5, 5, 5, 5, 5, 5, 5, 3, 3, 3, 3, 3, 3, 3, 3};
                
int seqY[24]= {1, 1, 1, 1, 1, 1, 1, 1, 3, 3, 3, 3, 5, 5, 5, 5, 5, 5, 5, 5, 3, 3, 3, 3};

int seqL[24]= {0, 0, 0, 0, 0, 0, 0, 0, 1, 1, 0, 0, 1, 1, 0, 0, 0, 0, 0, 0, 0, 0, 0, 0};

J
int seqX[24]= {3, 3, 3, 3, 5, 5, 5, 5, 5, 5, 5, 5, 5, 5, 5, 5, 3, 3, 3, 3, 3, 3, 3, 3};
                
int seqY[24]= {1, 1, 1, 1, 1, 1, 1, 1, 3, 3, 3, 3, 5, 5, 5, 5, 5, 5, 5, 5, 3, 3, 3, 3};

int seqL[24]= {1, 1, 1, 0, 1, 1, 0, 0, 1, 1, 0, 0, 0, 0, 0, 0, 0, 0, 0, 0, 1, 1, 0, 0};

K
int seqX[24]= {3, 3, 3, 3, 5, 5, 5, 5, 5, 5, 5, 5, 5, 5, 5, 5, 3, 3, 3, 3, 5, 5, 5, 5};
                
int seqY[24]= {1, 1, 1, 1, 1, 1, 1, 1, 3, 3, 3, 3, 5, 5, 5, 5, 5, 5, 5, 5, 3, 3, 3, 3};

int seqL[24]= {1, 1, 0, 0, 0, 0, 0, 0, 1, 1, 0, 0, 1, 1, 0, 0, 0, 0, 0, 0, 1, 1, 0, 0};

L
int seqX[24]= {3, 3, 3, 3, 5, 5, 5, 5, 5, 5, 5, 5, 5, 5, 5, 5, 3, 3, 3, 3, 3, 3, 3, 3};
                
int seqY[24]= {1, 1, 1, 1, 1, 1, 1, 1, 3, 3, 3, 3, 5, 5, 5, 5, 5, 5, 5, 5, 3, 3, 3, 3};

int seqL[24]= {0, 0, 0, 0, 1, 1, 0, 0, 1, 1, 0, 0, 1, 1, 0, 0, 0, 0, 0, 0, 0, 0, 0, 0};

M
int seqX[32]= {3, 3, 3, 3, 5, 5, 5, 5, 5, 5, 5, 5, 5, 5, 5, 5, 3, 3, 3, 3, 1, 1, 1, 1, 1, 1, 1, 1, 1, 1, 1, 1};
                
int seqY[32]= {1, 1, 1, 1, 1, 1, 1, 1, 3, 3, 3, 3, 5, 5, 5, 5, 3, 3, 3, 3, 5, 5, 5, 5, 3, 3, 3, 3, 1, 1, 1, 1};

int seqL[32]= {0, 0, 0, 0, 0, 0, 0, 0, 1, 1, 0, 0, 1, 1, 0, 0, 1, 1, 0, 0, 1, 1, 0, 0, 1, 1, 0, 0, 1, 1, 0, 0};

N
int seqX[32]= {5, 5, 5, 5, 5, 5, 5, 5, 5, 5, 5, 5, 3, 3, 3, 3, 1, 1, 1, 1, 1, 1, 1, 1, 1, 1, 1, 1, 3, 3, 3, 3};
                
int seqY[32]= {1, 1, 1, 1, 3, 3, 3, 3, 5, 5, 5, 5, 3, 3, 3, 3, 1, 1, 1, 1, 3, 3, 3, 3, 5, 5, 5, 5, 3, 3, 3, 3};

int seqL[32]= {0, 0, 0, 0, 1, 1, 0, 0, 1, 1, 0, 0, 1, 1, 0, 0, 1, 1, 0, 0, 1, 1, 0, 0, 1, 1, 0, 0, 0, 0, 0, 0};

O
int seqX[24]= {3, 3, 3, 3, 5, 5, 5, 5, 5, 5, 5, 5, 5, 5, 5, 5, 3, 3, 3, 3, 3, 3, 3, 3};
                
int seqY[24]= {1, 1, 1, 1, 1, 1, 1, 1, 3, 3, 3, 3, 5, 5, 5, 5, 5, 5, 5, 5, 3, 3, 3, 3};

int seqL[24]= {1, 1, 1, 0, 1, 1, 0, 0, 1, 1, 0, 0, 1, 1, 0, 0, 1, 1, 0, 0, 1, 1, 0, 0};

P
int seqX[28]= {3, 3, 3, 3, 5, 5, 5, 5, 5, 5, 5, 5, 5, 5, 5, 5, 3, 3, 3, 3, 3, 3, 3, 3, 5, 5, 5, 5};
                
int seqY[28]= {1, 1, 1, 1, 1, 1, 1, 1, 3, 3, 3, 3, 5, 5, 5, 5, 5, 5, 5, 5, 3, 3, 3, 3, 3, 3, 3, 3};

int seqL[28]= {0, 0, 0, 0, 0, 0, 0, 0, 1, 1, 0, 0, 1, 1, 0, 0, 1, 1, 0, 0, 1, 1, 0, 0, 1, 1, 0, 0};

Q
int seqX[32]= {3, 3, 3, 3, 5, 5, 5, 5, 5, 5, 5, 5, 5, 5, 5, 5, 3, 3, 3, 3, 3, 3, 3, 3, 1, 1, 1, 1, 3, 3, 3, 3};
                
int seqY[32]= {1, 1, 1, 1, 1, 1, 1, 1, 3, 3, 3, 3, 5, 5, 5, 5, 5, 5, 5, 5, 3, 3, 3, 3, 1, 1, 1, 1, 3, 3, 3, 3};

int seqL[32]= {1, 1, 0, 0, 1, 1, 0, 0, 1, 1, 0, 0, 1, 1, 0, 0, 1, 1, 0, 0, 1, 1, 0, 0, 0, 0, 0, 0, 1, 1, 0, 0};

R
int seqX[28]= {3, 3, 3, 3, 5, 5, 5, 5, 5, 5, 5, 5, 5, 5, 5, 5, 3, 3, 3, 3, 3, 3, 3, 3, 5, 5, 5, 5};
                
int seqY[28]= {1, 1, 1, 1, 1, 1, 1, 1, 3, 3, 3, 3, 5, 5, 5, 5, 5, 5, 5, 5, 3, 3, 3, 3, 3, 3, 3, 3};

int seqL[28]= {1, 1, 0, 0, 0, 0, 0, 0, 1, 1, 0, 0, 1, 1, 0, 0, 1, 1, 0, 0, 1, 1, 0, 0, 1, 1, 0, 0};

S
int seqX[32]= {3, 3, 3, 3, 1, 1, 1, 1, 1, 1, 1, 1, 3, 3, 3, 3, 1, 1, 1, 1, 1, 1, 1, 1, 3, 3, 3, 3, 3, 3, 3, 3};
                
int seqY[32]= {1, 1, 1, 1, 1, 1, 1, 1, 3, 3, 3, 3, 3, 3, 3, 3, 3, 3, 3, 3, 5, 5, 5, 5, 5, 5, 5, 5, 3, 3, 3, 3};

int seqL[32]= {0, 0, 0, 0, 1, 1, 0, 0, 1, 1, 0, 0, 1, 1, 0, 0, 1, 1, 0, 0, 0, 0, 0, 0, 1, 1, 0, 0, 1, 1, 0, 0};

T
int seqX[32]= {3, 3, 3, 3, 5, 5, 5, 5, 5, 5, 5, 5, 5, 5, 5, 5, 3, 3, 3, 3, 1, 1, 1, 1, 3, 3, 3, 3, 3, 3, 3, 3};
                
int seqY[32]= {1, 1, 1, 1, 1, 1, 1, 1, 3, 3, 3, 3, 5, 5, 5, 5, 5, 5, 5, 5, 5, 5, 5, 5, 5, 5, 5, 5, 3, 3, 3, 3};

int seqL[32]= {1, 1, 1, 0, 0, 0, 0, 0, 0, 0, 0, 0, 0, 0, 0, 0, 1, 1, 0, 0, 1, 1, 0, 0, 1, 1, 0, 0, 1, 1, 0, 0};

U
int seqX[24]= {3, 3, 3, 3, 5, 5, 5, 5, 5, 5, 5, 5, 5, 5, 5, 5, 3, 3, 3, 3, 3, 3, 3, 3};
                
int seqY[24]= {1, 1, 1, 1, 1, 1, 1, 1, 3, 3, 3, 3, 5, 5, 5, 5, 5, 5, 5, 5, 3, 3, 3, 3};

int seqL[24]= {1, 1, 1, 0, 1, 1, 0, 0, 1, 1, 0, 0, 1, 1, 0, 0, 0, 0, 0, 0, 1, 1, 0, 0};

V
int seqX[24]= {3, 3, 3, 3, 5, 5, 5, 5, 5, 5, 5, 5, 3, 3, 3, 3, 1, 1, 1, 1, 1, 1, 1, 1};
                
int seqY[24]= {1, 1, 1, 1, 3, 3, 3, 3, 5, 5, 5, 5, 5, 5, 5, 5, 5, 5, 5, 5, 3, 3, 3, 3};

int seqL[24]= {1, 1, 0, 0, 1, 1, 0, 0, 1, 1, 0, 0, 0, 0, 0, 0, 0, 0, 0, 0, 1, 1, 0, 0};

W
int seqX[32]= {5, 5, 5, 5, 3, 3, 3, 3, 1, 1, 1, 1, 1, 1, 1, 1, 1, 1, 1, 1, 3, 3, 3, 3, 5, 5, 5, 5, 5, 5, 5, 5};
                
int seqY[32]= {1, 1, 1, 1, 3, 3, 3, 3, 1, 1, 1, 1, 3, 3, 3, 3, 5, 5, 5, 5, 5, 5, 5, 5, 5, 5, 5, 5, 3, 3, 3, 3};

int seqL[32]= {1, 1, 1, 0, 1, 1, 0, 0, 1, 1, 0, 0, 1, 1, 0, 0, 1, 1, 0, 0, 0, 0, 0, 0, 0, 0, 0, 0, 1, 1, 0, 0};

X
int seqX[32]= {3, 3, 3, 3, 5, 5, 5, 5, 3, 3, 3, 3, 1, 1, 1, 1, 3, 3, 3, 3, 5, 5, 5, 5, 3, 3, 3, 3, 1, 1, 1, 1};
                
int seqY[32]= {1, 1, 1, 1, 1, 1, 1, 1, 3, 3, 3, 3, 5, 5, 5, 5, 5, 5, 5, 5, 5, 5, 5, 5, 3, 3, 3, 3, 1, 1, 1, 1};

int seqL[32]= {0, 0, 0, 0, 0, 0, 0, 0, 1, 1, 0, 0, 1, 1, 0, 0, 0, 0, 0, 0, 0, 0, 0, 0, 1, 1, 0, 0, 1, 1, 0, 0};

Y
int seqX[24]= {3, 3, 3, 3, 3, 3, 3, 3, 5, 5, 5, 5, 3, 3, 3, 3, 1, 1, 1, 1, 3, 3, 3, 3};
                
int seqY[24]= {1, 1, 1, 1, 3, 3, 3, 3, 5, 5, 5, 5, 5, 5, 5, 5, 5, 5, 5, 5, 3, 3, 3, 3};

int seqL[24]= {1, 1, 1, 0, 1, 1, 0, 0, 1, 1, 0, 0, 0, 0, 0, 0, 0, 0, 0, 0, 1, 1, 0, 0};

Z
int seqX[32]= {3, 3, 3, 3, 5, 5, 5, 5, 3, 3, 3, 3, 1, 1, 1, 1, 3, 3, 3, 3, 5, 5, 5, 5, 3, 3, 3, 3, 1, 1, 1, 1};
                
int seqY[32]= {1, 1, 1, 1, 1, 1, 1, 1, 3, 3, 3, 3, 5, 5, 5, 5, 5, 5, 5, 5, 5, 5, 5, 5, 3, 3, 3, 3, 1, 1, 1, 1};

int seqL[32]= {1, 1, 0, 0, 1, 1, 0, 0, 1, 1, 0, 0, 1, 1, 0, 0, 1, 1, 0, 0, 1, 1, 0, 0, 0, 0, 0, 0, 0, 0, 0, 0};